N_Product
10
N_EndItems
4
N_Components
6
N_Periods
24
N_Resources
3
Cap(R,Cap)
[420.0,420.0,420.0,420.0,420.0,420.0,420.0,420.0,420.0,420.0,420.0,420.0,420.0,420.0,420.0,420.0,420.0,420.0,420.0,420.0,420.0,420.0,420.0,420.0]
[650.0,650.0,650.0,650.0,650.0,650.0,650.0,650.0,650.0,650.0,650.0,650.0,650.0,650.0,650.0,650.0,650.0,650.0,650.0,650.0,650.0,650.0,650.0,650.0]
[1330.0,1330.0,1330.0,1330.0,1330.0,1330.0,1330.0,1330.0,1330.0,1330.0,1330.0,1330.0,1330.0,1330.0,1330.0,1330.0,1330.0,1330.0,1330.0,1330.0,1330.0,1330.0,1330.0,1330.0]
Production_Time
[1.0,1.0,0.0,0.0,0.0,1.0,0.0,0.0,0.0,0.0]
[0.0,0.0,1.0,1.0,0.0,0.0,1.0,0.0,0.0,0.0]
[0.0,0.0,0.0,0.0,1.0,0.0,0.0,1.0,1.0,1.0]
Order_Delay_TimeLimit
[6,6,6,6,0,0,0,0,0,0]
[6,6,6,6,0,0,0,0,0,0]
[6,6,6,6,0,0,0,0,0,0]
[6,6,6,6,0,0,0,0,0,0]
[6,6,6,6,0,0,0,0,0,0]
[6,6,6,6,0,0,0,0,0,0]
[6,6,6,6,0,0,0,0,0,0]
[6,6,6,6,0,0,0,0,0,0]
[6,6,6,6,0,0,0,0,0,0]
[6,6,6,6,0,0,0,0,0,0]
[6,6,6,6,0,0,0,0,0,0]
[6,6,6,6,0,0,0,0,0,0]
[6,6,6,6,0,0,0,0,0,0]
[6,6,6,6,0,0,0,0,0,0]
[6,6,6,6,0,0,0,0,0,0]
[6,6,6,6,0,0,0,0,0,0]
[6,6,6,6,0,0,0,0,0,0]
[6,6,6,6,0,0,0,0,0,0]
[5,5,5,5,0,0,0,0,0,0]
[4,4,4,4,0,0,0,0,0,0]
[3,3,3,3,0,0,0,0,0,0]
[2,2,2,2,0,0,0,0,0,0]
[1,1,1,1,0,0,0,0,0,0]
[0,0,0,0,0,0,0,0,0,0]
Demand
[[53.0,49.0,62.0,57.0,50.0,62.0,72.0,70.0,84.0,87.0,100.0,95.0,94.0,90.0,95.0,86.0,89.0,64.0,73.0,63.0,60.0,50.0,55.0,55.0],[21.0,24.0,23.0,22.0,25.0,29.0,27.0,33.0,36.0,34.0,38.0,43.0,43.0,34.0,38.0,32.0,30.0,30.0,28.0,28.0,27.0,28.0,22.0,23.0],[35.0,37.0,39.0,40.0,41.0,46.0,50.0,53.0,61.0,62.0,65.0,64.0,61.0,65.0,69.0,74.0,60.0,46.0,53.0,45.0,39.0,41.0,37.0,36.0],[59.0,71.0,85.0,94.0,96.0,90.0,81.0,90.0,119.0,103.0,123.0,98.0,127.0,98.0,128.0,133.0,131.0,99.0,98.0,104.0,84.0,74.0,59.0,74.0],[0.0,0.0,0.0,0.0,0.0,0.0,0.0,0.0,0.0,0.0,0.0,0.0,0.0,0.0,0.0,0.0,0.0,0.0,0.0,0.0,0.0,0.0,0.0,0.0],[0.0,0.0,0.0,0.0,0.0,0.0,0.0,0.0,0.0,0.0,0.0,0.0,0.0,0.0,0.0,0.0,0.0,0.0,0.0,0.0,0.0,0.0,0.0,0.0],[0.0,0.0,0.0,0.0,0.0,0.0,0.0,0.0,0.0,0.0,0.0,0.0,0.0,0.0,0.0,0.0,0.0,0.0,0.0,0.0,0.0,0.0,0.0,0.0],[0.0,0.0,0.0,0.0,0.0,0.0,0.0,0.0,0.0,0.0,0.0,0.0,0.0,0.0,0.0,0.0,0.0,0.0,0.0,0.0,0.0,0.0,0.0,0.0],[0.0,0.0,0.0,0.0,0.0,0.0,0.0,0.0,0.0,0.0,0.0,0.0,0.0,0.0,0.0,0.0,0.0,0.0,0.0,0.0,0.0,0.0,0.0,0.0],[0.0,0.0,0.0,0.0,0.0,0.0,0.0,0.0,0.0,0.0,0.0,0.0,0.0,0.0,0.0,0.0,0.0,0.0,0.0,0.0,0.0,0.0,0.0,0.0]]
Setup_Time
[10.0,10.0,0.0,0.0,0.0,10.0,0.0,0.0,0.0,0.0]
[0.0,0.0,5.0,5.0,0.0,0.0,15.0,0.0,0.0,0.0]
[0.0,0.0,0.0,0.0,10.0,0.0,0.0,15.0,15.0,15.0]
Setup_Cost
[560.0,240.0,0.0,0.0,0.0,640.0,0.0,0.0,0.0,0.0]
[0.0,0.0,400.0,800.0,0.0,0.0,1200.0,0.0,0.0,0.0]
[0.0,0.0,0.0,0.0,800.0,0.0,0.0,800.0,1440.0,1840.0]
Holding_Cost
[4.0,7.0,6.0,3.0,3.0,3.0,2.0,1.0,1.0,1.0]
Delay_Cost
[20.0,35.0,30.0,15.0,0.0,0.0,0.0,0.0,0.0,0.0]
Assemble,Component,Quantity
[1,5,1]
[2,5,1]
[2,6,1]
[3,6,1]
[3,7,1]
[4,7,1]
[5,8,1]
[5,9,1]
[6,9,1]
[6,10,1]
[7,10,1]
Substitution,Product,Cost,Quantity
[3,2,9.0,1]
[5,6,2.4000000000000004,1]
[9,10,0.8,1]
