N_Product
10
N_EndItems
4
N_Components
6
N_Periods
24
N_Resources
3
Cap(R,Cap)
[300.0,300.0,300.0,300.0,300.0,300.0,300.0,300.0,300.0,300.0,300.0,300.0,300.0,300.0,300.0,300.0,300.0,300.0,300.0,300.0,300.0,300.0,300.0,300.0]
[450.0,450.0,450.0,450.0,450.0,450.0,450.0,450.0,450.0,450.0,450.0,450.0,450.0,450.0,450.0,450.0,450.0,450.0,450.0,450.0,450.0,450.0,450.0,450.0]
[761.1111111111111,761.1111111111111,761.1111111111111,761.1111111111111,761.1111111111111,761.1111111111111,761.1111111111111,761.1111111111111,761.1111111111111,761.1111111111111,761.1111111111111,761.1111111111111,761.1111111111111,761.1111111111111,761.1111111111111,761.1111111111111,761.1111111111111,761.1111111111111,761.1111111111111,761.1111111111111,761.1111111111111,761.1111111111111,761.1111111111111,761.1111111111111]
Production_Time
[1.0,1.0,0.0,0.0,0.0,1.0,0.0,0.0,0.0,0.0]
[0.0,0.0,1.0,1.0,0.0,0.0,1.0,0.0,0.0,0.0]
[0.0,0.0,0.0,0.0,1.0,0.0,0.0,1.0,1.0,1.0]
Order_Delay_TimeLimit
[6,6,6,6,0,0,0,0,0,0]
[6,6,6,6,0,0,0,0,0,0]
[6,6,6,6,0,0,0,0,0,0]
[6,6,6,6,0,0,0,0,0,0]
[6,6,6,6,0,0,0,0,0,0]
[6,6,6,6,0,0,0,0,0,0]
[6,6,6,6,0,0,0,0,0,0]
[6,6,6,6,0,0,0,0,0,0]
[6,6,6,6,0,0,0,0,0,0]
[6,6,6,6,0,0,0,0,0,0]
[6,6,6,6,0,0,0,0,0,0]
[6,6,6,6,0,0,0,0,0,0]
[6,6,6,6,0,0,0,0,0,0]
[6,6,6,6,0,0,0,0,0,0]
[6,6,6,6,0,0,0,0,0,0]
[6,6,6,6,0,0,0,0,0,0]
[6,6,6,6,0,0,0,0,0,0]
[6,6,6,6,0,0,0,0,0,0]
[5,5,5,5,0,0,0,0,0,0]
[4,4,4,4,0,0,0,0,0,0]
[3,3,3,3,0,0,0,0,0,0]
[2,2,2,2,0,0,0,0,0,0]
[1,1,1,1,0,0,0,0,0,0]
[0,0,0,0,0,0,0,0,0,0]
Demand
[[33.0,33.0,34.0,40.0,48.0,51.0,72.0,84.0,119.0,133.0,94.0,101.0,119.0,93.0,95.0,72.0,105.0,85.0,84.0,101.0,62.0,54.0,51.0,27.0],[12.0,14.0,16.0,26.0,23.0,25.0,32.0,38.0,40.0,26.0,43.0,49.0,59.0,37.0,44.0,37.0,49.0,27.0,20.0,24.0,22.0,20.0,18.0,15.0],[27.0,23.0,20.0,38.0,47.0,34.0,53.0,58.0,69.0,73.0,74.0,80.0,86.0,90.0,60.0,63.0,59.0,51.0,42.0,55.0,43.0,44.0,35.0,31.0],[53.0,43.0,75.0,41.0,57.0,51.0,103.0,165.0,170.0,88.0,119.0,170.0,150.0,173.0,119.0,116.0,162.0,111.0,67.0,93.0,73.0,78.0,60.0,58.0],[0.0,0.0,0.0,0.0,0.0,0.0,0.0,0.0,0.0,0.0,0.0,0.0,0.0,0.0,0.0,0.0,0.0,0.0,0.0,0.0,0.0,0.0,0.0,0.0],[0.0,0.0,0.0,0.0,0.0,0.0,0.0,0.0,0.0,0.0,0.0,0.0,0.0,0.0,0.0,0.0,0.0,0.0,0.0,0.0,0.0,0.0,0.0,0.0],[0.0,0.0,0.0,0.0,0.0,0.0,0.0,0.0,0.0,0.0,0.0,0.0,0.0,0.0,0.0,0.0,0.0,0.0,0.0,0.0,0.0,0.0,0.0,0.0],[0.0,0.0,0.0,0.0,0.0,0.0,0.0,0.0,0.0,0.0,0.0,0.0,0.0,0.0,0.0,0.0,0.0,0.0,0.0,0.0,0.0,0.0,0.0,0.0],[0.0,0.0,0.0,0.0,0.0,0.0,0.0,0.0,0.0,0.0,0.0,0.0,0.0,0.0,0.0,0.0,0.0,0.0,0.0,0.0,0.0,0.0,0.0,0.0],[0.0,0.0,0.0,0.0,0.0,0.0,0.0,0.0,0.0,0.0,0.0,0.0,0.0,0.0,0.0,0.0,0.0,0.0,0.0,0.0,0.0,0.0,0.0,0.0]]
Setup_Time
[30.0,30.0,0.0,0.0,0.0,30.0,0.0,0.0,0.0,0.0]
[0.0,0.0,45.0,45.0,0.0,0.0,15.0,0.0,0.0,0.0]
[0.0,0.0,0.0,0.0,30.0,0.0,0.0,15.0,15.0,15.0]
Setup_Cost
[140.0,60.0,0.0,0.0,0.0,640.0,0.0,0.0,0.0,0.0]
[0.0,0.0,100.0,200.0,0.0,0.0,1200.0,0.0,0.0,0.0]
[0.0,0.0,0.0,0.0,800.0,0.0,0.0,1800.0,3240.0,4140.0]
Holding_Cost
[4.0,7.0,6.0,3.0,3.0,3.0,2.0,1.0,1.0,1.0]
Delay_Cost
[20.0,35.0,30.0,15.0,0.0,0.0,0.0,0.0,0.0,0.0]
Assemble,Component,Quantity
[1,5,1]
[2,5,1]
[2,6,1]
[3,6,1]
[3,7,1]
[4,7,1]
[5,8,1]
[5,9,1]
[6,9,1]
[6,10,1]
[7,10,1]
Substitution,Product,Cost,Quantity
[3,2,9.0,1]
[5,6,2.4000000000000004,1]
[9,10,0.8,1]
