N_Product
20
N_EndItems
3
N_Components
17
N_Periods
5
N_Resources
3
Cap(R,Cap)
[731.0,678.0,1209.0,914.0,949.0]
[5440.0,5021.0,8395.0,7642.0,5738.0]
[8046.0,6920.0,12401.0,8774.0,10349.0]
Production_Time
[1.8979,2.2795,2.1567,0.0,0.0,0.0,0.0,0.0,0.0,0.0,0.0,0.0,0.0,0.0,0.0,0.0,0.0,0.0,0.0,0.0]
[0.0,0.0,0.0,4.5139,4.81,0.0,2.2808,0.0,0.0,3.888,4.5746,0.0,2.9034,0.0,0.0,3.8777,7.713,4.108,0.0,0.0]
[0.0,0.0,0.0,0.0,0.0,6.3219,0.0,3.2622,3.8223,0.0,0.0,5.2798,0.0,4.9798,4.4866,0.0,0.0,0.0,4.4805,2.9941]
Order_Delay_TimeLimit
[2,2,2,0,0,0,0,0,0,0,0,0,0,0,0,0,0,0,0,0]
[2,2,2,0,0,0,0,0,0,0,0,0,0,0,0,0,0,0,0,0]
[2,2,2,0,0,0,0,0,0,0,0,0,0,0,0,0,0,0,0,0]
[1,1,1,0,0,0,0,0,0,0,0,0,0,0,0,0,0,0,0,0]
[0,0,0,0,0,0,0,0,0,0,0,0,0,0,0,0,0,0,0,0]
Demand
[[53.484,113.4101,164.5265,93.9626,139.2272],[111.4488,108.437,192.3286,239.1321,44.6423],[132.4591,129.3536,99.9766,181.8192,93.7203],[0.0,0.0,0.0,0.0,0.0],[0.0,0.0,0.0,0.0,0.0],[0.0,0.0,0.0,0.0,0.0],[0.0,0.0,0.0,0.0,0.0],[0.0,0.0,0.0,0.0,0.0],[0.0,0.0,0.0,0.0,0.0],[0.0,0.0,0.0,0.0,0.0],[0.0,0.0,0.0,0.0,0.0],[0.0,0.0,0.0,0.0,0.0],[0.0,0.0,0.0,0.0,0.0],[0.0,0.0,0.0,0.0,0.0],[0.0,0.0,0.0,0.0,0.0],[0.0,0.0,0.0,0.0,0.0],[0.0,0.0,0.0,0.0,0.0],[0.0,0.0,0.0,0.0,0.0],[0.0,0.0,0.0,0.0,0.0],[0.0,0.0,0.0,0.0,0.0]]
Setup_Time
[30.0,30.0,30.0,0.0,0.0,0.0,0.0,0.0,0.0,0.0,0.0,0.0,0.0,0.0,0.0,0.0,0.0,0.0,0.0,0.0]
[0.0,0.0,0.0,50.0,50.0,0.0,50.0,0.0,0.0,50.0,50.0,0.0,50.0,0.0,0.0,50.0,50.0,50.0,0.0,0.0]
[0.0,0.0,0.0,0.0,0.0,100.0,0.0,100.0,100.0,0.0,0.0,100.0,0.0,100.0,100.0,0.0,0.0,0.0,100.0,100.0]
Setup_Cost
[300.0,300.0,300.0,0.0,0.0,0.0,0.0,0.0,0.0,0.0,0.0,0.0,0.0,0.0,0.0,0.0,0.0,0.0,0.0,0.0]
[0.0,0.0,0.0,400.0,400.0,0.0,400.0,0.0,0.0,400.0,400.0,0.0,400.0,0.0,0.0,400.0,400.0,400.0,0.0,0.0]
[0.0,0.0,0.0,0.0,0.0,600.0,0.0,600.0,600.0,0.0,0.0,600.0,0.0,600.0,600.0,0.0,0.0,0.0,600.0,600.0]
Holding_Cost
[0.4794,0.3685,0.3956,0.1726,0.2955,0.5051,0.4502,0.8479,0.2727,0.1575,0.1967,0.3902,0.6068,0.8963,0.3791,0.234,0.218,0.4669,1.0672,0.2054]
Delay_Cost
[2.397,1.8425,1.978,0.0,0.0,0.0,0.0,0.0,0.0,0.0,0.0,0.0,0.0,0.0,0.0,0.0,0.0,0.0,0.0,0.0]
Assemble,Component,Quantity
[1,4,1]
[1,5,1]
[1,6,1]
[2,10,1]
[2,11,1]
[2,12,1]
[3,16,1]
[3,17,1]
[3,12,1]
[4,7,1]
[5,8,1]
[7,9,1]
[10,13,1]
[11,14,1]
[11,13,1]
[13,15,1]
[16,18,1]
[17,19,1]
[18,20,1]
[19,20,1]
Substitution,Product,Cost,Quantity
[1,3,0.7191,1]
[2,1,0.55275,1]
[9,20,0.21816000000000002,2]
[12,6,0.31216,1]
[13,18,0.48544000000000004,1]
