N_Product
21
N_EndItems
3
N_Components
18
N_Periods
5
N_Resources
3
Cap(R,Cap)
[661,428,686,825,824]
[4868,3425,5005,6108,5484]
[6196,4229,6926,6251,8216]
Production_Time
[1.9208,2.2587,2.1644,0.0,0.0,0.0,0.0,0.0,0.0,0.0,0.0,0.0,0.0,0.0,0.0,0.0,0.0,0.0,0.0,0.0,0.0]
[0.0,0.0,0.0,4.691,3.9803,0.0,2.7987,0.0,0.0,3.973,7.0936,0.0,1.87,0.0,0.0,6.4145,8.0517,0.0,3.5676,0.0,0.0]
[0.0,0.0,0.0,0.0,0.0,5.6901,0.0,2.2632,3.3977,0.0,0.0,5.3692,0.0,5.6321,3.4202,0.0,0.0,5.2079,0.0,3.7176,4.6343]
Order_Delay_TimeLimit
[3,3,3,0,0,0,0,0,0,0,0,0,0,0,0,0,0,0,0,0,0]
[3,3,3,0,0,0,0,0,0,0,0,0,0,0,0,0,0,0,0,0,0]
[2,2,2,0,0,0,0,0,0,0,0,0,0,0,0,0,0,0,0,0,0]
[1,1,1,0,0,0,0,0,0,0,0,0,0,0,0,0,0,0,0,0,0]
[0,0,0,0,0,0,0,0,0,0,0,0,0,0,0,0,0,0,0,0,0]
Demand
[[141.9656,92.1825,96.1717,204.7622,93.3484],[50.7833,55.9362,46.6956,77.3077,160.8749],[85.0202,64.4753,93.2063,112.6338,53.2823],[0.0,0.0,0.0,0.0,0.0],[0.0,0.0,0.0,0.0,0.0],[0.0,0.0,0.0,0.0,0.0],[0.0,0.0,0.0,0.0,0.0],[0.0,0.0,0.0,0.0,0.0],[0.0,0.0,0.0,0.0,0.0],[0.0,0.0,0.0,0.0,0.0],[0.0,0.0,0.0,0.0,0.0],[0.0,0.0,0.0,0.0,0.0],[0.0,0.0,0.0,0.0,0.0],[0.0,0.0,0.0,0.0,0.0],[0.0,0.0,0.0,0.0,0.0],[0.0,0.0,0.0,0.0,0.0],[0.0,0.0,0.0,0.0,0.0],[0.0,0.0,0.0,0.0,0.0],[0.0,0.0,0.0,0.0,0.0],[0.0,0.0,0.0,0.0,0.0],[0.0,0.0,0.0,0.0,0.0]]
Setup_Time
[30.0,30.0,30.0,0.0,0.0,0.0,0.0,0.0,0.0,0.0,0.0,0.0,0.0,0.0,0.0,0.0,0.0,0.0,0.0,0.0,0.0]
[0.0,0.0,0.0,50.0,50.0,0.0,50.0,0.0,0.0,50.0,50.0,0.0,50.0,0.0,0.0,50.0,50.0,0.0,50.0,0.0,0.0]
[0.0,0.0,0.0,0.0,0.0,100.0,0.0,100.0,100.0,0.0,0.0,100.0,0.0,100.0,100.0,0.0,0.0,100.0,0.0,100.0,100.0]
Setup_Cost
[300.0,300.0,300.0,0.0,0.0,0.0,0.0,0.0,0.0,0.0,0.0,0.0,0.0,0.0,0.0,0.0,0.0,0.0,0.0,0.0,0.0]
[0.0,0.0,0.0,400.0,400.0,0.0,400.0,0.0,0.0,400.0,400.0,0.0,400.0,0.0,0.0,400.0,400.0,0.0,400.0,0.0,0.0]
[0.0,0.0,0.0,0.0,0.0,600.0,0.0,600.0,600.0,0.0,0.0,600.0,0.0,600.0,600.0,0.0,0.0,600.0,0.0,600.0,600.0]
Holding_Cost
[0.5667,0.4758,0.4845,0.24,0.3458,0.3428,0.4456,0.9726,0.19,0.1517,0.2767,0.4998,0.5166,1.0785,0.3041,0.1425,0.0954,0.4151,0.424,1.0545,0.2191]
Delay_Cost
[2.8335,2.379,2.4225,0.0,0.0,0.0,0.0,0.0,0.0,0.0,0.0,0.0,0.0,0.0,0.0,0.0,0.0,0.0,0.0,0.0,0.0]
Assemble,Component,Quantity
[16,19,1]
[1,4,1]
[1,5,1]
[1,6,1]
[17,20,1]
[2,10,1]
[2,11,1]
[2,12,1]
[3,16,1]
[3,17,1]
[3,18,1]
[19,21,1]
[4,7,1]
[5,8,1]
[7,9,1]
[10,13,1]
[11,14,1]
[13,15,1]
Substitution,Product,Cost,Quantity
[3,1,0.727,1]
[3,2,0.727,1]
[17,11,0.076,1]
[19,13,0.339,1]
[8,20,0.778,2]
