N_Product
20
N_EndItems
3
N_Components
17
N_Periods
5
N_Resources
3
Cap(R,Cap)
[489.0,600.0,505.0,444.0,1107.0]
[4029.0,3533.0,4644.0,2672.0,8692.0]
[6156.0,6873.0,6082.0,4864.0,11516.0]
Production_Time
[2.2047,1.8813,1.7889,0.0,0.0,0.0,0.0,0.0,0.0,0.0,0.0,0.0,0.0,0.0,0.0,0.0,0.0,0.0,0.0,0.0]
[0.0,0.0,0.0,4.4601,6.031,0.0,3.3747,0.0,0.0,4.5997,5.5423,0.0,2.9407,0.0,0.0,2.5524,3.9948,3.6753,0.0,0.0]
[0.0,0.0,0.0,0.0,0.0,4.4045,0.0,4.7546,2.9846,0.0,0.0,5.4235,0.0,3.6986,3.598,0.0,0.0,0.0,3.8989,3.5013]
Order_Delay_TimeLimit
[2,2,2,0,0,0,0,0,0,0,0,0,0,0,0,0,0,0,0,0]
[2,2,2,0,0,0,0,0,0,0,0,0,0,0,0,0,0,0,0,0]
[2,2,2,0,0,0,0,0,0,0,0,0,0,0,0,0,0,0,0,0]
[1,1,1,0,0,0,0,0,0,0,0,0,0,0,0,0,0,0,0,0]
[0,0,0,0,0,0,0,0,0,0,0,0,0,0,0,0,0,0,0,0]
Demand
[[63.5718,113.2094,92.5659,123.5727,151.4155],[97.7085,61.5853,0.3563,2.8082,164.0219],[42.2779,90.3946,108.4766,39.6821,212.6386],[0.0,0.0,0.0,0.0,0.0],[0.0,0.0,0.0,0.0,0.0],[0.0,0.0,0.0,0.0,0.0],[0.0,0.0,0.0,0.0,0.0],[0.0,0.0,0.0,0.0,0.0],[0.0,0.0,0.0,0.0,0.0],[0.0,0.0,0.0,0.0,0.0],[0.0,0.0,0.0,0.0,0.0],[0.0,0.0,0.0,0.0,0.0],[0.0,0.0,0.0,0.0,0.0],[0.0,0.0,0.0,0.0,0.0],[0.0,0.0,0.0,0.0,0.0],[0.0,0.0,0.0,0.0,0.0],[0.0,0.0,0.0,0.0,0.0],[0.0,0.0,0.0,0.0,0.0],[0.0,0.0,0.0,0.0,0.0],[0.0,0.0,0.0,0.0,0.0]]
Setup_Time
[30.0,30.0,30.0,0.0,0.0,0.0,0.0,0.0,0.0,0.0,0.0,0.0,0.0,0.0,0.0,0.0,0.0,0.0,0.0,0.0]
[0.0,0.0,0.0,50.0,50.0,0.0,50.0,0.0,0.0,50.0,50.0,0.0,50.0,0.0,0.0,50.0,50.0,50.0,0.0,0.0]
[0.0,0.0,0.0,0.0,0.0,100.0,0.0,100.0,100.0,0.0,0.0,100.0,0.0,100.0,100.0,0.0,0.0,0.0,100.0,100.0]
Setup_Cost
[300.0,300.0,300.0,0.0,0.0,0.0,0.0,0.0,0.0,0.0,0.0,0.0,0.0,0.0,0.0,0.0,0.0,0.0,0.0,0.0]
[0.0,0.0,0.0,400.0,400.0,0.0,400.0,0.0,0.0,400.0,400.0,0.0,400.0,0.0,0.0,400.0,400.0,400.0,0.0,0.0]
[0.0,0.0,0.0,0.0,0.0,600.0,0.0,600.0,600.0,0.0,0.0,600.0,0.0,600.0,600.0,0.0,0.0,0.0,600.0,600.0]
Holding_Cost
[0.3309,0.3849,0.42,0.1459,0.2186,0.5624,0.4244,0.971,0.2244,0.1618,0.3072,0.5392,0.5803,0.936,0.2317,0.1049,0.2653,0.5537,0.9652,0.2488]
Delay_Cost
[1.6545,1.9245,2.1,0.0,0.0,0.0,0.0,0.0,0.0,0.0,0.0,0.0,0.0,0.0,0.0,0.0,0.0,0.0,0.0,0.0]
Assemble,Component,Quantity
[1,4,1]
[1,5,1]
[1,6,1]
[2,10,1]
[2,11,1]
[2,12,1]
[3,16,1]
[3,17,1]
[3,12,1]
[4,7,1]
[5,8,1]
[7,9,1]
[10,13,1]
[11,14,1]
[11,13,1]
[13,15,1]
[16,18,1]
[17,19,1]
[18,20,1]
[19,20,1]
Substitution,Product,Cost,Quantity
[1,3,0.49635000000000007,1]
[2,1,0.57735,1]
[9,20,0.17952,2]
[12,6,0.43136,1]
[13,18,0.46424000000000004,1]
