N_Product
21
N_EndItems
3
N_Components
18
N_Periods
5
N_Resources
3
Cap(R,Cap)
[775,562,722,864,936]
[5796,5747,4068,6903,5691]
[7523,5605,7590,8484,7868]
Production_Time
[1.971,2.1668,1.328,0.0,0.0,0.0,0.0,0.0,0.0,0.0,0.0,0.0,0.0,0.0,0.0,0.0,0.0,0.0,0.0,0.0,0.0]
[0.0,0.0,0.0,4.1125,5.4737,0.0,3.125,0.0,0.0,3.5129,4.9607,0.0,3.0374,0.0,0.0,4.0608,5.9848,0.0,2.3515,0.0,0.0]
[0.0,0.0,0.0,0.0,0.0,5.632,0.0,3.8904,3.8618,0.0,0.0,6.4194,0.0,3.5964,3.1704,0.0,0.0,4.7117,0.0,3.3765,3.0595]
Order_Delay_TimeLimit
[3,3,3,0,0,0,0,0,0,0,0,0,0,0,0,0,0,0,0,0,0]
[3,3,3,0,0,0,0,0,0,0,0,0,0,0,0,0,0,0,0,0,0]
[2,2,2,0,0,0,0,0,0,0,0,0,0,0,0,0,0,0,0,0,0]
[1,1,1,0,0,0,0,0,0,0,0,0,0,0,0,0,0,0,0,0,0]
[0,0,0,0,0,0,0,0,0,0,0,0,0,0,0,0,0,0,0,0,0]
Demand
[[160.7704,62.7109,65.5358,51.6582,14.5044],[85.1076,39.766,174.5944,296.9121,191.6445],[139.0186,247.5236,44.3352,173.3765,151.7879],[0.0,0.0,0.0,0.0,0.0],[0.0,0.0,0.0,0.0,0.0],[0.0,0.0,0.0,0.0,0.0],[0.0,0.0,0.0,0.0,0.0],[0.0,0.0,0.0,0.0,0.0],[0.0,0.0,0.0,0.0,0.0],[0.0,0.0,0.0,0.0,0.0],[0.0,0.0,0.0,0.0,0.0],[0.0,0.0,0.0,0.0,0.0],[0.0,0.0,0.0,0.0,0.0],[0.0,0.0,0.0,0.0,0.0],[0.0,0.0,0.0,0.0,0.0],[0.0,0.0,0.0,0.0,0.0],[0.0,0.0,0.0,0.0,0.0],[0.0,0.0,0.0,0.0,0.0],[0.0,0.0,0.0,0.0,0.0],[0.0,0.0,0.0,0.0,0.0],[0.0,0.0,0.0,0.0,0.0]]
Setup_Time
[30.0,30.0,30.0,0.0,0.0,0.0,0.0,0.0,0.0,0.0,0.0,0.0,0.0,0.0,0.0,0.0,0.0,0.0,0.0,0.0,0.0]
[0.0,0.0,0.0,50.0,50.0,0.0,50.0,0.0,0.0,50.0,50.0,0.0,50.0,0.0,0.0,50.0,50.0,0.0,50.0,0.0,0.0]
[0.0,0.0,0.0,0.0,0.0,100.0,0.0,100.0,100.0,0.0,0.0,100.0,0.0,100.0,100.0,0.0,0.0,100.0,0.0,100.0,100.0]
Setup_Cost
[300.0,300.0,300.0,0.0,0.0,0.0,0.0,0.0,0.0,0.0,0.0,0.0,0.0,0.0,0.0,0.0,0.0,0.0,0.0,0.0,0.0]
[0.0,0.0,0.0,400.0,400.0,0.0,400.0,0.0,0.0,400.0,400.0,0.0,400.0,0.0,0.0,400.0,400.0,0.0,400.0,0.0,0.0]
[0.0,0.0,0.0,0.0,0.0,600.0,0.0,600.0,600.0,0.0,0.0,600.0,0.0,600.0,600.0,0.0,0.0,600.0,0.0,600.0,600.0]
Holding_Cost
[0.5667,0.4758,0.4845,0.24,0.3458,0.3428,0.4456,0.9726,0.19,0.1517,0.2767,0.4998,0.5166,1.0785,0.3041,0.1425,0.0954,0.4151,0.424,1.0545,0.2191]
Delay_Cost
[2.8335,2.379,2.4225,0.0,0.0,0.0,0.0,0.0,0.0,0.0,0.0,0.0,0.0,0.0,0.0,0.0,0.0,0.0,0.0,0.0,0.0]
Assemble,Component,Quantity
[16,19,1]
[1,4,1]
[1,5,1]
[1,6,1]
[17,20,1]
[2,10,1]
[2,11,1]
[2,12,1]
[3,16,1]
[3,17,1]
[3,18,1]
[19,21,1]
[4,7,1]
[5,8,1]
[7,9,1]
[10,13,1]
[11,14,1]
[13,15,1]
Substitution,Product,Cost,Quantity
[3,1,0.727,1]
[3,2,0.727,1]
[17,11,0.076,1]
[19,13,0.339,1]
[8,20,0.778,2]
