N_Product
20
N_EndItems
3
N_Components
17
N_Periods
5
N_Resources
3
Cap(R,Cap)
[1065.0,738.0,990.0,408.0,768.0]
[8567.0,5556.0,8782.0,2758.0,7276.0]
[12593.0,9914.0,11852.0,5264.0,10856.0]
Production_Time
[1.553,2.3156,2.2467,0.0,0.0,0.0,0.0,0.0,0.0,0.0,0.0,0.0,0.0,0.0,0.0,0.0,0.0,0.0,0.0,0.0]
[0.0,0.0,0.0,4.8488,5.7768,0.0,3.5355,0.0,0.0,4.1334,6.4905,0.0,3.5489,0.0,0.0,3.8149,8.1204,4.0856,0.0,0.0]
[0.0,0.0,0.0,0.0,0.0,6.2143,0.0,5.8085,4.7537,0.0,0.0,7.1303,0.0,5.05,6.117,0.0,0.0,0.0,4.2662,3.9893]
Order_Delay_TimeLimit
[2,2,2,0,0,0,0,0,0,0,0,0,0,0,0,0,0,0,0,0]
[2,2,2,0,0,0,0,0,0,0,0,0,0,0,0,0,0,0,0,0]
[2,2,2,0,0,0,0,0,0,0,0,0,0,0,0,0,0,0,0,0]
[1,1,1,0,0,0,0,0,0,0,0,0,0,0,0,0,0,0,0,0]
[0,0,0,0,0,0,0,0,0,0,0,0,0,0,0,0,0,0,0,0]
Demand
[[76.8941,152.4737,28.3638,38.8457,84.0437],[184.3669,190.6864,168.5397,45.7727,158.7527],[191.0907,75.1405,119.0787,75.4104,72.5288],[0.0,0.0,0.0,0.0,0.0],[0.0,0.0,0.0,0.0,0.0],[0.0,0.0,0.0,0.0,0.0],[0.0,0.0,0.0,0.0,0.0],[0.0,0.0,0.0,0.0,0.0],[0.0,0.0,0.0,0.0,0.0],[0.0,0.0,0.0,0.0,0.0],[0.0,0.0,0.0,0.0,0.0],[0.0,0.0,0.0,0.0,0.0],[0.0,0.0,0.0,0.0,0.0],[0.0,0.0,0.0,0.0,0.0],[0.0,0.0,0.0,0.0,0.0],[0.0,0.0,0.0,0.0,0.0],[0.0,0.0,0.0,0.0,0.0],[0.0,0.0,0.0,0.0,0.0],[0.0,0.0,0.0,0.0,0.0],[0.0,0.0,0.0,0.0,0.0]]
Setup_Time
[30.0,30.0,30.0,0.0,0.0,0.0,0.0,0.0,0.0,0.0,0.0,0.0,0.0,0.0,0.0,0.0,0.0,0.0,0.0,0.0]
[0.0,0.0,0.0,50.0,50.0,0.0,50.0,0.0,0.0,50.0,50.0,0.0,50.0,0.0,0.0,50.0,50.0,50.0,0.0,0.0]
[0.0,0.0,0.0,0.0,0.0,100.0,0.0,100.0,100.0,0.0,0.0,100.0,0.0,100.0,100.0,0.0,0.0,0.0,100.0,100.0]
Setup_Cost
[300.0,300.0,300.0,0.0,0.0,0.0,0.0,0.0,0.0,0.0,0.0,0.0,0.0,0.0,0.0,0.0,0.0,0.0,0.0,0.0]
[0.0,0.0,0.0,400.0,400.0,0.0,400.0,0.0,0.0,400.0,400.0,0.0,400.0,0.0,0.0,400.0,400.0,400.0,0.0,0.0]
[0.0,0.0,0.0,0.0,0.0,600.0,0.0,600.0,600.0,0.0,0.0,600.0,0.0,600.0,600.0,0.0,0.0,0.0,600.0,600.0]
Holding_Cost
[0.598,0.6035,0.7356,0.1818,0.2828,0.6171,0.5647,1.0295,0.2289,0.097,0.1643,0.5598,0.5309,0.9398,0.2186,0.154,0.1079,0.5888,0.9728,0.1762]
Delay_Cost
[2.9899999999999998,3.0175,3.678,0.0,0.0,0.0,0.0,0.0,0.0,0.0,0.0,0.0,0.0,0.0,0.0,0.0,0.0,0.0,0.0,0.0]
Assemble,Component,Quantity
[1,4,1]
[1,5,1]
[1,6,1]
[2,10,1]
[2,11,1]
[2,12,1]
[3,16,1]
[3,17,1]
[3,12,1]
[4,7,1]
[5,8,1]
[7,9,1]
[10,13,1]
[11,14,1]
[11,13,1]
[13,15,1]
[16,18,1]
[17,19,1]
[18,20,1]
[19,20,1]
Substitution,Product,Cost,Quantity
[1,3,0.897,1]
[2,1,0.9052500000000001,1]
[9,20,0.18312,2]
[12,6,0.44784,1]
[13,18,0.42472000000000004,1]
