N_Product
20
N_EndItems
3
N_Components
17
N_Periods
5
N_Resources
3
Cap(R,Cap)
[610.0,562.0,850.0,689.0,703.0]
[4932.0,6107.0,5428.0,5214.0,6142.0]
[6530.0,7389.0,7034.0,6106.0,8169.0]
Production_Time
[1.7579,1.8359,2.3112,0.0,0.0,0.0,0.0,0.0,0.0,0.0,0.0,0.0,0.0,0.0,0.0,0.0,0.0,0.0,0.0,0.0]
[0.0,0.0,0.0,3.4709,6.8359,0.0,2.0478,0.0,0.0,3.9365,8.3275,0.0,2.9163,0.0,0.0,3.7487,5.763,4.1608,0.0,0.0]
[0.0,0.0,0.0,0.0,0.0,4.5572,0.0,3.1972,3.5894,0.0,0.0,2.152,0.0,3.7919,3.9134,0.0,0.0,0.0,3.9378,4.0726]
Order_Delay_TimeLimit
[2,2,2,0,0,0,0,0,0,0,0,0,0,0,0,0,0,0,0,0]
[2,2,2,0,0,0,0,0,0,0,0,0,0,0,0,0,0,0,0,0]
[2,2,2,0,0,0,0,0,0,0,0,0,0,0,0,0,0,0,0,0]
[1,1,1,0,0,0,0,0,0,0,0,0,0,0,0,0,0,0,0,0]
[0,0,0,0,0,0,0,0,0,0,0,0,0,0,0,0,0,0,0,0]
Demand
[[85.1004,110.6504,116.6285,106.4694,103.2717],[74.5409,108.8705,97.6196,104.6184,99.3962],[101.0639,103.6117,93.2305,97.1774,105.7105],[0.0,0.0,0.0,0.0,0.0],[0.0,0.0,0.0,0.0,0.0],[0.0,0.0,0.0,0.0,0.0],[0.0,0.0,0.0,0.0,0.0],[0.0,0.0,0.0,0.0,0.0],[0.0,0.0,0.0,0.0,0.0],[0.0,0.0,0.0,0.0,0.0],[0.0,0.0,0.0,0.0,0.0],[0.0,0.0,0.0,0.0,0.0],[0.0,0.0,0.0,0.0,0.0],[0.0,0.0,0.0,0.0,0.0],[0.0,0.0,0.0,0.0,0.0],[0.0,0.0,0.0,0.0,0.0],[0.0,0.0,0.0,0.0,0.0],[0.0,0.0,0.0,0.0,0.0],[0.0,0.0,0.0,0.0,0.0],[0.0,0.0,0.0,0.0,0.0]]
Setup_Time
[30.0,30.0,30.0,0.0,0.0,0.0,0.0,0.0,0.0,0.0,0.0,0.0,0.0,0.0,0.0,0.0,0.0,0.0,0.0,0.0]
[0.0,0.0,0.0,50.0,50.0,0.0,50.0,0.0,0.0,50.0,50.0,0.0,50.0,0.0,0.0,50.0,50.0,50.0,0.0,0.0]
[0.0,0.0,0.0,0.0,0.0,100.0,0.0,100.0,100.0,0.0,0.0,100.0,0.0,100.0,100.0,0.0,0.0,0.0,100.0,100.0]
Setup_Cost
[300.0,300.0,300.0,0.0,0.0,0.0,0.0,0.0,0.0,0.0,0.0,0.0,0.0,0.0,0.0,0.0,0.0,0.0,0.0,0.0]
[0.0,0.0,0.0,400.0,400.0,0.0,400.0,0.0,0.0,400.0,400.0,0.0,400.0,0.0,0.0,400.0,400.0,400.0,0.0,0.0]
[0.0,0.0,0.0,0.0,0.0,600.0,0.0,600.0,600.0,0.0,0.0,600.0,0.0,600.0,600.0,0.0,0.0,0.0,600.0,600.0]
Holding_Cost
[0.3906,0.344,0.5165,0.1758,0.2924,0.4294,0.6197,0.5018,0.171,0.196,0.2224,0.6094,0.4343,0.9818,0.2236,0.1863,0.2953,0.49,0.9677,0.2796]
Delay_Cost
[1.953,1.7199999999999998,2.5824999999999996,0.0,0.0,0.0,0.0,0.0,0.0,0.0,0.0,0.0,0.0,0.0,0.0,0.0,0.0,0.0,0.0,0.0]
Assemble,Component,Quantity
[1,4,1]
[1,5,1]
[1,6,1]
[2,10,1]
[2,11,1]
[2,12,1]
[3,16,1]
[3,17,1]
[3,12,1]
[4,7,1]
[5,8,1]
[7,9,1]
[10,13,1]
[11,14,1]
[11,13,1]
[13,15,1]
[16,18,1]
[17,19,1]
[18,20,1]
[19,20,1]
Substitution,Product,Cost,Quantity
[1,3,0.5859,1]
[2,1,0.516,1]
[9,20,0.1368,2]
[12,6,0.48752000000000006,1]
[13,18,0.34744,1]
