N_Product
21
N_EndItems
3
N_Components
18
N_Periods
5
N_Resources
3
Cap(R,Cap)
[608,478,744,641,581]
[5098,4825,5382,4898,5322]
[6587,7404,5765,6718,6459]
Production_Time
[1.1207,1.8512,2.1625,0.0,0.0,0.0,0.0,0.0,0.0,0.0,0.0,0.0,0.0,0.0,0.0,0.0,0.0,0.0,0.0,0.0,0.0]
[0.0,0.0,0.0,3.332,7.8278,0.0,2.8656,0.0,0.0,3.4601,6.7618,0.0,2.9937,0.0,0.0,2.7312,6.2763,0.0,3.4714,0.0,0.0]
[0.0,0.0,0.0,0.0,0.0,4.7,0.0,4.1456,3.6305,0.0,0.0,4.6456,0.0,2.5934,5.1145,0.0,0.0,4.7398,0.0,4.3284,4.2991]
Order_Delay_TimeLimit
[3,3,3,0,0,0,0,0,0,0,0,0,0,0,0,0,0,0,0,0,0]
[3,3,3,0,0,0,0,0,0,0,0,0,0,0,0,0,0,0,0,0,0]
[2,2,2,0,0,0,0,0,0,0,0,0,0,0,0,0,0,0,0,0,0]
[1,1,1,0,0,0,0,0,0,0,0,0,0,0,0,0,0,0,0,0,0]
[0,0,0,0,0,0,0,0,0,0,0,0,0,0,0,0,0,0,0,0,0]
Demand
[[106.9512,90.7188,111.5364,116.2939,87.4877],[98.3248,111.0473,110.4503,118.2212,104.5996],[100.1286,100.3679,87.475,80.3479,105.4325],[0.0,0.0,0.0,0.0,0.0],[0.0,0.0,0.0,0.0,0.0],[0.0,0.0,0.0,0.0,0.0],[0.0,0.0,0.0,0.0,0.0],[0.0,0.0,0.0,0.0,0.0],[0.0,0.0,0.0,0.0,0.0],[0.0,0.0,0.0,0.0,0.0],[0.0,0.0,0.0,0.0,0.0],[0.0,0.0,0.0,0.0,0.0],[0.0,0.0,0.0,0.0,0.0],[0.0,0.0,0.0,0.0,0.0],[0.0,0.0,0.0,0.0,0.0],[0.0,0.0,0.0,0.0,0.0],[0.0,0.0,0.0,0.0,0.0],[0.0,0.0,0.0,0.0,0.0],[0.0,0.0,0.0,0.0,0.0],[0.0,0.0,0.0,0.0,0.0],[0.0,0.0,0.0,0.0,0.0]]
Setup_Time
[30.0,30.0,30.0,0.0,0.0,0.0,0.0,0.0,0.0,0.0,0.0,0.0,0.0,0.0,0.0,0.0,0.0,0.0,0.0,0.0,0.0]
[0.0,0.0,0.0,50.0,50.0,0.0,50.0,0.0,0.0,50.0,50.0,0.0,50.0,0.0,0.0,50.0,50.0,0.0,50.0,0.0,0.0]
[0.0,0.0,0.0,0.0,0.0,100.0,0.0,100.0,100.0,0.0,0.0,100.0,0.0,100.0,100.0,0.0,0.0,100.0,0.0,100.0,100.0]
Setup_Cost
[300.0,300.0,300.0,0.0,0.0,0.0,0.0,0.0,0.0,0.0,0.0,0.0,0.0,0.0,0.0,0.0,0.0,0.0,0.0,0.0,0.0]
[0.0,0.0,0.0,400.0,400.0,0.0,400.0,0.0,0.0,400.0,400.0,0.0,400.0,0.0,0.0,400.0,400.0,0.0,400.0,0.0,0.0]
[0.0,0.0,0.0,0.0,0.0,600.0,0.0,600.0,600.0,0.0,0.0,600.0,0.0,600.0,600.0,0.0,0.0,600.0,0.0,600.0,600.0]
Holding_Cost
[0.5667,0.4758,0.4845,0.24,0.3458,0.3428,0.4456,0.9726,0.19,0.1517,0.2767,0.4998,0.5166,1.0785,0.3041,0.1425,0.0954,0.4151,0.424,1.0545,0.2191]
Delay_Cost
[2.8335,2.379,2.4225,0.0,0.0,0.0,0.0,0.0,0.0,0.0,0.0,0.0,0.0,0.0,0.0,0.0,0.0,0.0,0.0,0.0,0.0]
Assemble,Component,Quantity
[16,19,1]
[1,4,1]
[1,5,1]
[1,6,1]
[17,20,1]
[2,10,1]
[2,11,1]
[2,12,1]
[3,16,1]
[3,17,1]
[3,18,1]
[19,21,1]
[4,7,1]
[5,8,1]
[7,9,1]
[10,13,1]
[11,14,1]
[13,15,1]
Substitution,Product,Cost,Quantity
[3,1,0.727,1]
[3,2,0.727,1]
[17,11,0.076,1]
[19,13,0.339,1]
[8,20,0.778,2]
