N_Product
21
N_EndItems
3
N_Components
18
N_Periods
5
N_Resources
3
Cap(R,Cap)
[993,1143,1246,913,568]
[7484,8553,7525,4753,5780]
[7668,8270,9342,5856,6748]
Production_Time
[2.6896,2.0417,2.54,0.0,0.0,0.0,0.0,0.0,0.0,0.0,0.0,0.0,0.0,0.0,0.0,0.0,0.0,0.0,0.0,0.0,0.0]
[0.0,0.0,0.0,3.8816,6.2193,0.0,2.1112,0.0,0.0,4.6814,8.0293,0.0,4.2498,0.0,0.0,5.9215,8.665,0.0,2.4258,0.0,0.0]
[0.0,0.0,0.0,0.0,0.0,6.3722,0.0,3.4916,5.0568,0.0,0.0,4.421,0.0,2.8305,3.8076,0.0,0.0,5.5766,0.0,3.6305,4.9927]
Order_Delay_TimeLimit
[3,3,3,0,0,0,0,0,0,0,0,0,0,0,0,0,0,0,0,0,0]
[3,3,3,0,0,0,0,0,0,0,0,0,0,0,0,0,0,0,0,0,0]
[2,2,2,0,0,0,0,0,0,0,0,0,0,0,0,0,0,0,0,0,0]
[1,1,1,0,0,0,0,0,0,0,0,0,0,0,0,0,0,0,0,0,0]
[0,0,0,0,0,0,0,0,0,0,0,0,0,0,0,0,0,0,0,0,0]
Demand
[[55.5728,65.3086,245.9796,123.0151,17.7307],[214.7286,104.3203,194.8494,60.9663,100.3561],[124.2511,257.7267,42.2624,110.6095,123.2851],[0.0,0.0,0.0,0.0,0.0],[0.0,0.0,0.0,0.0,0.0],[0.0,0.0,0.0,0.0,0.0],[0.0,0.0,0.0,0.0,0.0],[0.0,0.0,0.0,0.0,0.0],[0.0,0.0,0.0,0.0,0.0],[0.0,0.0,0.0,0.0,0.0],[0.0,0.0,0.0,0.0,0.0],[0.0,0.0,0.0,0.0,0.0],[0.0,0.0,0.0,0.0,0.0],[0.0,0.0,0.0,0.0,0.0],[0.0,0.0,0.0,0.0,0.0],[0.0,0.0,0.0,0.0,0.0],[0.0,0.0,0.0,0.0,0.0],[0.0,0.0,0.0,0.0,0.0],[0.0,0.0,0.0,0.0,0.0],[0.0,0.0,0.0,0.0,0.0],[0.0,0.0,0.0,0.0,0.0]]
Setup_Time
[30.0,30.0,30.0,0.0,0.0,0.0,0.0,0.0,0.0,0.0,0.0,0.0,0.0,0.0,0.0,0.0,0.0,0.0,0.0,0.0,0.0]
[0.0,0.0,0.0,50.0,50.0,0.0,50.0,0.0,0.0,50.0,50.0,0.0,50.0,0.0,0.0,50.0,50.0,0.0,50.0,0.0,0.0]
[0.0,0.0,0.0,0.0,0.0,100.0,0.0,100.0,100.0,0.0,0.0,100.0,0.0,100.0,100.0,0.0,0.0,100.0,0.0,100.0,100.0]
Setup_Cost
[300.0,300.0,300.0,0.0,0.0,0.0,0.0,0.0,0.0,0.0,0.0,0.0,0.0,0.0,0.0,0.0,0.0,0.0,0.0,0.0,0.0]
[0.0,0.0,0.0,400.0,400.0,0.0,400.0,0.0,0.0,400.0,400.0,0.0,400.0,0.0,0.0,400.0,400.0,0.0,400.0,0.0,0.0]
[0.0,0.0,0.0,0.0,0.0,600.0,0.0,600.0,600.0,0.0,0.0,600.0,0.0,600.0,600.0,0.0,0.0,600.0,0.0,600.0,600.0]
Holding_Cost
[0.5667,0.4758,0.4845,0.24,0.3458,0.3428,0.4456,0.9726,0.19,0.1517,0.2767,0.4998,0.5166,1.0785,0.3041,0.1425,0.0954,0.4151,0.424,1.0545,0.2191]
Delay_Cost
[2.8335,2.379,2.4225,0.0,0.0,0.0,0.0,0.0,0.0,0.0,0.0,0.0,0.0,0.0,0.0,0.0,0.0,0.0,0.0,0.0,0.0]
Assemble,Component,Quantity
[16,19,1]
[1,4,1]
[1,5,1]
[1,6,1]
[17,20,1]
[2,10,1]
[2,11,1]
[2,12,1]
[3,16,1]
[3,17,1]
[3,18,1]
[19,21,1]
[4,7,1]
[5,8,1]
[7,9,1]
[10,13,1]
[11,14,1]
[13,15,1]
Substitution,Product,Cost,Quantity
[3,1,0.727,1]
[3,2,0.727,1]
[17,11,0.076,1]
[19,13,0.339,1]
[8,20,0.778,2]
