N_Product
21
N_EndItems
3
N_Components
18
N_Periods
5
N_Resources
3
Cap(R,Cap)
[733,886,663,762,816]
[5341,5435,4949,5730,5012]
[6212,6007,7224,6836,7334]
Production_Time
[2.2908,2.5688,1.7459,0.0,0.0,0.0,0.0,0.0,0.0,0.0,0.0,0.0,0.0,0.0,0.0,0.0,0.0,0.0,0.0,0.0,0.0]
[0.0,0.0,0.0,4.4586,7.613,0.0,3.8927,0.0,0.0,3.788,6.2376,0.0,2.8388,0.0,0.0,4.8047,4.4911,0.0,2.7124,0.0,0.0]
[0.0,0.0,0.0,0.0,0.0,3.9678,0.0,2.7747,3.3145,0.0,0.0,6.9748,0.0,3.0819,3.9206,0.0,0.0,6.1135,0.0,4.6363,4.7353]
Order_Delay_TimeLimit
[3,3,3,0,0,0,0,0,0,0,0,0,0,0,0,0,0,0,0,0,0]
[3,3,3,0,0,0,0,0,0,0,0,0,0,0,0,0,0,0,0,0,0]
[2,2,2,0,0,0,0,0,0,0,0,0,0,0,0,0,0,0,0,0,0]
[1,1,1,0,0,0,0,0,0,0,0,0,0,0,0,0,0,0,0,0,0]
[0,0,0,0,0,0,0,0,0,0,0,0,0,0,0,0,0,0,0,0,0]
Demand
[[183.0726,104.6581,105.3129,139.603,33.6805],[36.2317,137.6111,107.3081,127.3953,83.3201],[75.2166,87.4341,60.95,112.7533,150.9216],[0.0,0.0,0.0,0.0,0.0],[0.0,0.0,0.0,0.0,0.0],[0.0,0.0,0.0,0.0,0.0],[0.0,0.0,0.0,0.0,0.0],[0.0,0.0,0.0,0.0,0.0],[0.0,0.0,0.0,0.0,0.0],[0.0,0.0,0.0,0.0,0.0],[0.0,0.0,0.0,0.0,0.0],[0.0,0.0,0.0,0.0,0.0],[0.0,0.0,0.0,0.0,0.0],[0.0,0.0,0.0,0.0,0.0],[0.0,0.0,0.0,0.0,0.0],[0.0,0.0,0.0,0.0,0.0],[0.0,0.0,0.0,0.0,0.0],[0.0,0.0,0.0,0.0,0.0],[0.0,0.0,0.0,0.0,0.0],[0.0,0.0,0.0,0.0,0.0],[0.0,0.0,0.0,0.0,0.0]]
Setup_Time
[30.0,30.0,30.0,0.0,0.0,0.0,0.0,0.0,0.0,0.0,0.0,0.0,0.0,0.0,0.0,0.0,0.0,0.0,0.0,0.0,0.0]
[0.0,0.0,0.0,50.0,50.0,0.0,50.0,0.0,0.0,50.0,50.0,0.0,50.0,0.0,0.0,50.0,50.0,0.0,50.0,0.0,0.0]
[0.0,0.0,0.0,0.0,0.0,100.0,0.0,100.0,100.0,0.0,0.0,100.0,0.0,100.0,100.0,0.0,0.0,100.0,0.0,100.0,100.0]
Setup_Cost
[300.0,300.0,300.0,0.0,0.0,0.0,0.0,0.0,0.0,0.0,0.0,0.0,0.0,0.0,0.0,0.0,0.0,0.0,0.0,0.0,0.0]
[0.0,0.0,0.0,400.0,400.0,0.0,400.0,0.0,0.0,400.0,400.0,0.0,400.0,0.0,0.0,400.0,400.0,0.0,400.0,0.0,0.0]
[0.0,0.0,0.0,0.0,0.0,600.0,0.0,600.0,600.0,0.0,0.0,600.0,0.0,600.0,600.0,0.0,0.0,600.0,0.0,600.0,600.0]
Holding_Cost
[0.5667,0.4758,0.4845,0.24,0.3458,0.3428,0.4456,0.9726,0.19,0.1517,0.2767,0.4998,0.5166,1.0785,0.3041,0.1425,0.0954,0.4151,0.424,1.0545,0.2191]
Delay_Cost
[2.8335,2.379,2.4225,0.0,0.0,0.0,0.0,0.0,0.0,0.0,0.0,0.0,0.0,0.0,0.0,0.0,0.0,0.0,0.0,0.0,0.0]
Assemble,Component,Quantity
[16,19,1]
[1,4,1]
[1,5,1]
[1,6,1]
[17,20,1]
[2,10,1]
[2,11,1]
[2,12,1]
[3,16,1]
[3,17,1]
[3,18,1]
[19,21,1]
[4,7,1]
[5,8,1]
[7,9,1]
[10,13,1]
[11,14,1]
[13,15,1]
Substitution,Product,Cost,Quantity
[3,1,0.727,1]
[3,2,0.727,1]
[17,11,0.076,1]
[19,13,0.339,1]
[8,20,0.778,2]
