N_Product
20
N_EndItems
3
N_Components
17
N_Periods
5
N_Resources
3
Cap(R,Cap)
[1154.0,919.0,783.0,593.0,1232.0]
[8306.0,6696.0,6709.0,3387.0,9879.0]
[11167.0,7949.0,10893.0,7003.0,11778.0]
Production_Time
[2.344,1.8554,1.9275,0.0,0.0,0.0,0.0,0.0,0.0,0.0,0.0,0.0,0.0,0.0,0.0,0.0,0.0,0.0,0.0,0.0]
[0.0,0.0,0.0,3.7319,6.1073,0.0,3.3924,0.0,0.0,3.5607,7.575,0.0,2.7536,0.0,0.0,3.7623,6.8781,2.6127,0.0,0.0]
[0.0,0.0,0.0,0.0,0.0,4.3318,0.0,5.1461,4.6074,0.0,0.0,4.6239,0.0,4.9202,3.9577,0.0,0.0,0.0,5.1979,3.7804]
Order_Delay_TimeLimit
[2,2,2,0,0,0,0,0,0,0,0,0,0,0,0,0,0,0,0,0]
[2,2,2,0,0,0,0,0,0,0,0,0,0,0,0,0,0,0,0,0]
[2,2,2,0,0,0,0,0,0,0,0,0,0,0,0,0,0,0,0,0]
[1,1,1,0,0,0,0,0,0,0,0,0,0,0,0,0,0,0,0,0]
[0,0,0,0,0,0,0,0,0,0,0,0,0,0,0,0,0,0,0,0]
Demand
[[230.956,65.9605,120.4339,112.8959,224.3246],[128.9786,227.6652,73.289,13.2254,146.8013],[147.4168,189.1049,84.9117,137.2194,152.6372],[0.0,0.0,0.0,0.0,0.0],[0.0,0.0,0.0,0.0,0.0],[0.0,0.0,0.0,0.0,0.0],[0.0,0.0,0.0,0.0,0.0],[0.0,0.0,0.0,0.0,0.0],[0.0,0.0,0.0,0.0,0.0],[0.0,0.0,0.0,0.0,0.0],[0.0,0.0,0.0,0.0,0.0],[0.0,0.0,0.0,0.0,0.0],[0.0,0.0,0.0,0.0,0.0],[0.0,0.0,0.0,0.0,0.0],[0.0,0.0,0.0,0.0,0.0],[0.0,0.0,0.0,0.0,0.0],[0.0,0.0,0.0,0.0,0.0],[0.0,0.0,0.0,0.0,0.0],[0.0,0.0,0.0,0.0,0.0],[0.0,0.0,0.0,0.0,0.0]]
Setup_Time
[30.0,30.0,30.0,0.0,0.0,0.0,0.0,0.0,0.0,0.0,0.0,0.0,0.0,0.0,0.0,0.0,0.0,0.0,0.0,0.0]
[0.0,0.0,0.0,50.0,50.0,0.0,50.0,0.0,0.0,50.0,50.0,0.0,50.0,0.0,0.0,50.0,50.0,50.0,0.0,0.0]
[0.0,0.0,0.0,0.0,0.0,100.0,0.0,100.0,100.0,0.0,0.0,100.0,0.0,100.0,100.0,0.0,0.0,0.0,100.0,100.0]
Setup_Cost
[300.0,300.0,300.0,0.0,0.0,0.0,0.0,0.0,0.0,0.0,0.0,0.0,0.0,0.0,0.0,0.0,0.0,0.0,0.0,0.0]
[0.0,0.0,0.0,400.0,400.0,0.0,400.0,0.0,0.0,400.0,400.0,0.0,400.0,0.0,0.0,400.0,400.0,400.0,0.0,0.0]
[0.0,0.0,0.0,0.0,0.0,600.0,0.0,600.0,600.0,0.0,0.0,600.0,0.0,600.0,600.0,0.0,0.0,0.0,600.0,600.0]
Holding_Cost
[0.4426,0.5207,0.6195,0.2264,0.1332,0.518,0.3946,0.6937,0.29,0.1871,0.251,0.4069,0.2634,0.6027,0.2977,0.1225,0.2745,0.4247,0.9139,0.1734]
Delay_Cost
[2.213,2.6035000000000004,3.0975,0.0,0.0,0.0,0.0,0.0,0.0,0.0,0.0,0.0,0.0,0.0,0.0,0.0,0.0,0.0,0.0,0.0]
Assemble,Component,Quantity
[1,4,1]
[1,5,1]
[1,6,1]
[2,10,1]
[2,11,1]
[2,12,1]
[3,16,1]
[3,17,1]
[3,12,1]
[4,7,1]
[5,8,1]
[7,9,1]
[10,13,1]
[11,14,1]
[11,13,1]
[13,15,1]
[16,18,1]
[17,19,1]
[18,20,1]
[19,20,1]
Substitution,Product,Cost,Quantity
[1,3,0.6638999999999999,1]
[2,1,0.78105,1]
[9,20,0.23199999999999998,2]
[12,6,0.32552000000000003,1]
[13,18,0.21072000000000002,1]
