N_Product
10
N_EndItems
4
N_Components
6
N_Periods
24
N_Resources
3
Cap(R,Cap)
[200.0,200.0,200.0,200.0,200.0,200.0,200.0,200.0,200.0,200.0,200.0,200.0,200.0,200.0,200.0,200.0,200.0,200.0,200.0,200.0,200.0,200.0,200.0,200.0]
[333.3333333333333,333.3333333333333,333.3333333333333,333.3333333333333,333.3333333333333,333.3333333333333,333.3333333333333,333.3333333333333,333.3333333333333,333.3333333333333,333.3333333333333,333.3333333333333,333.3333333333333,333.3333333333333,333.3333333333333,333.3333333333333,333.3333333333333,333.3333333333333,333.3333333333333,333.3333333333333,333.3333333333333,333.3333333333333,333.3333333333333,333.3333333333333]
[677.7777777777777,677.7777777777777,677.7777777777777,677.7777777777777,677.7777777777777,677.7777777777777,677.7777777777777,677.7777777777777,677.7777777777777,677.7777777777777,677.7777777777777,677.7777777777777,677.7777777777777,677.7777777777777,677.7777777777777,677.7777777777777,677.7777777777777,677.7777777777777,677.7777777777777,677.7777777777777,677.7777777777777,677.7777777777777,677.7777777777777,677.7777777777777]
Production_Time
[1.0,1.0,0.0,0.0,0.0,1.0,0.0,0.0,0.0,0.0]
[0.0,0.0,1.0,1.0,0.0,0.0,1.0,0.0,0.0,0.0]
[0.0,0.0,0.0,0.0,1.0,0.0,0.0,1.0,1.0,1.0]
Order_Delay_TimeLimit
[6,6,6,6,0,0,0,0,0,0]
[6,6,6,6,0,0,0,0,0,0]
[6,6,6,6,0,0,0,0,0,0]
[6,6,6,6,0,0,0,0,0,0]
[6,6,6,6,0,0,0,0,0,0]
[6,6,6,6,0,0,0,0,0,0]
[6,6,6,6,0,0,0,0,0,0]
[6,6,6,6,0,0,0,0,0,0]
[6,6,6,6,0,0,0,0,0,0]
[6,6,6,6,0,0,0,0,0,0]
[6,6,6,6,0,0,0,0,0,0]
[6,6,6,6,0,0,0,0,0,0]
[6,6,6,6,0,0,0,0,0,0]
[6,6,6,6,0,0,0,0,0,0]
[6,6,6,6,0,0,0,0,0,0]
[6,6,6,6,0,0,0,0,0,0]
[6,6,6,6,0,0,0,0,0,0]
[6,6,6,6,0,0,0,0,0,0]
[5,5,5,5,0,0,0,0,0,0]
[4,4,4,4,0,0,0,0,0,0]
[3,3,3,3,0,0,0,0,0,0]
[2,2,2,2,0,0,0,0,0,0]
[1,1,1,1,0,0,0,0,0,0]
[0,0,0,0,0,0,0,0,0,0]
Demand
[[38.0,32.0,41.0,50.0,47.0,67.0,65.0,71.0,81.0,89.0,115.0,88.0,112.0,98.0,109.0,91.0,76.0,81.0,72.0,56.0,53.0,42.0,39.0,38.0],[18.0,15.0,17.0,19.0,23.0,24.0,29.0,35.0,34.0,41.0,40.0,45.0,44.0,38.0,40.0,41.0,39.0,33.0,27.0,28.0,26.0,24.0,17.0,14.0],[25.0,27.0,30.0,33.0,43.0,45.0,52.0,68.0,64.0,70.0,57.0,63.0,68.0,61.0,88.0,80.0,58.0,62.0,49.0,38.0,32.0,36.0,30.0,25.0],[48.0,55.0,53.0,74.0,80.0,83.0,102.0,108.0,125.0,152.0,140.0,152.0,169.0,131.0,168.0,118.0,110.0,126.0,82.0,71.0,81.0,57.0,59.0,49.0],[0.0,0.0,0.0,0.0,0.0,0.0,0.0,0.0,0.0,0.0,0.0,0.0,0.0,0.0,0.0,0.0,0.0,0.0,0.0,0.0,0.0,0.0,0.0,0.0],[0.0,0.0,0.0,0.0,0.0,0.0,0.0,0.0,0.0,0.0,0.0,0.0,0.0,0.0,0.0,0.0,0.0,0.0,0.0,0.0,0.0,0.0,0.0,0.0],[0.0,0.0,0.0,0.0,0.0,0.0,0.0,0.0,0.0,0.0,0.0,0.0,0.0,0.0,0.0,0.0,0.0,0.0,0.0,0.0,0.0,0.0,0.0,0.0],[0.0,0.0,0.0,0.0,0.0,0.0,0.0,0.0,0.0,0.0,0.0,0.0,0.0,0.0,0.0,0.0,0.0,0.0,0.0,0.0,0.0,0.0,0.0,0.0],[0.0,0.0,0.0,0.0,0.0,0.0,0.0,0.0,0.0,0.0,0.0,0.0,0.0,0.0,0.0,0.0,0.0,0.0,0.0,0.0,0.0,0.0,0.0,0.0],[0.0,0.0,0.0,0.0,0.0,0.0,0.0,0.0,0.0,0.0,0.0,0.0,0.0,0.0,0.0,0.0,0.0,0.0,0.0,0.0,0.0,0.0,0.0,0.0]]
Setup_Time
[0.0,0.0,0.0,0.0,0.0,0.0,0.0,0.0,0.0,0.0]
[0.0,0.0,0.0,0.0,0.0,0.0,0.0,0.0,0.0,0.0]
[0.0,0.0,0.0,0.0,0.0,0.0,0.0,0.0,0.0,0.0]
Setup_Cost
[560.0,240.0,400.0,800.0,800.0,640.0,1200.0,800.0,1440.0,1840.0]
[0.0,0.0,0.0,0.0,0.0,0.0,0.0,0.0,0.0,0.0]
[0.0,0.0,0.0,0.0,0.0,0.0,0.0,0.0,0.0,0.0]
Holding_Cost
[4.0,7.0,6.0,3.0,3.0,3.0,2.0,1.0,1.0,1.0]
Delay_Cost
[20.0,35.0,30.0,15.0,0.0,0.0,0.0,0.0,0.0,0.0]
Assemble,Component,Quantity
[1,5,1]
[2,5,1]
[2,6,1]
[3,6,1]
[3,7,1]
[4,7,1]
[5,8,1]
[5,9,1]
[6,9,1]
[6,10,1]
[7,10,1]
Substitution,Product,Cost,Quantity
[3,2,9.0,1]
[5,6,2.4000000000000004,1]
[9,10,0.8,1]
