N_Product
10
N_EndItems
4
N_Components
6
N_Periods
24
N_Resources
3
Cap(R,Cap)
[360.0,360.0,360.0,360.0,360.0,360.0,360.0,360.0,360.0,360.0,360.0,360.0,360.0,360.0,360.0,360.0,360.0,360.0,360.0,360.0,360.0,360.0,360.0,360.0]
[428.5714285714286,428.5714285714286,428.5714285714286,428.5714285714286,428.5714285714286,428.5714285714286,428.5714285714286,428.5714285714286,428.5714285714286,428.5714285714286,428.5714285714286,428.5714285714286,428.5714285714286,428.5714285714286,428.5714285714286,428.5714285714286,428.5714285714286,428.5714285714286,428.5714285714286,428.5714285714286,428.5714285714286,428.5714285714286,428.5714285714286,428.5714285714286]
[677.7777777777777,677.7777777777777,677.7777777777777,677.7777777777777,677.7777777777777,677.7777777777777,677.7777777777777,677.7777777777777,677.7777777777777,677.7777777777777,677.7777777777777,677.7777777777777,677.7777777777777,677.7777777777777,677.7777777777777,677.7777777777777,677.7777777777777,677.7777777777777,677.7777777777777,677.7777777777777,677.7777777777777,677.7777777777777,677.7777777777777,677.7777777777777]
Production_Time
[1.0,1.0,0.0,0.0,0.0,1.0,0.0,0.0,0.0,0.0]
[0.0,0.0,1.0,1.0,0.0,0.0,1.0,0.0,0.0,0.0]
[0.0,0.0,0.0,0.0,1.0,0.0,0.0,1.0,1.0,1.0]
Order_Delay_TimeLimit
[6,6,6,6,0,0,0,0,0,0]
[6,6,6,6,0,0,0,0,0,0]
[6,6,6,6,0,0,0,0,0,0]
[6,6,6,6,0,0,0,0,0,0]
[6,6,6,6,0,0,0,0,0,0]
[6,6,6,6,0,0,0,0,0,0]
[6,6,6,6,0,0,0,0,0,0]
[6,6,6,6,0,0,0,0,0,0]
[6,6,6,6,0,0,0,0,0,0]
[6,6,6,6,0,0,0,0,0,0]
[6,6,6,6,0,0,0,0,0,0]
[6,6,6,6,0,0,0,0,0,0]
[6,6,6,6,0,0,0,0,0,0]
[6,6,6,6,0,0,0,0,0,0]
[6,6,6,6,0,0,0,0,0,0]
[6,6,6,6,0,0,0,0,0,0]
[6,6,6,6,0,0,0,0,0,0]
[6,6,6,6,0,0,0,0,0,0]
[5,5,5,5,0,0,0,0,0,0]
[4,4,4,4,0,0,0,0,0,0]
[3,3,3,3,0,0,0,0,0,0]
[2,2,2,2,0,0,0,0,0,0]
[1,1,1,1,0,0,0,0,0,0]
[0,0,0,0,0,0,0,0,0,0]
Demand
[[64.0,80.0,73.0,75.0,55.0,62.0,73.0,69.0,66.0,72.0,78.0,73.0,79.0,66.0,66.0,77.0,57.0,78.0,67.0,59.0,86.0,68.0,62.0,84.0],[28.0,29.0,31.0,32.0,31.0,30.0,34.0,28.0,29.0,30.0,27.0,26.0,36.0,26.0,30.0,31.0,26.0,37.0,33.0,31.0,27.0,29.0,29.0,32.0],[48.0,53.0,52.0,52.0,48.0,47.0,51.0,52.0,50.0,53.0,48.0,51.0,54.0,47.0,49.0,53.0,47.0,45.0,50.0,47.0,40.0,48.0,50.0,47.0],[94.0,119.0,104.0,104.0,95.0,115.0,106.0,100.0,114.0,106.0,105.0,133.0,89.0,99.0,79.0,90.0,124.0,98.0,117.0,89.0,84.0,103.0,105.0,91.0],[0.0,0.0,0.0,0.0,0.0,0.0,0.0,0.0,0.0,0.0,0.0,0.0,0.0,0.0,0.0,0.0,0.0,0.0,0.0,0.0,0.0,0.0,0.0,0.0],[0.0,0.0,0.0,0.0,0.0,0.0,0.0,0.0,0.0,0.0,0.0,0.0,0.0,0.0,0.0,0.0,0.0,0.0,0.0,0.0,0.0,0.0,0.0,0.0],[0.0,0.0,0.0,0.0,0.0,0.0,0.0,0.0,0.0,0.0,0.0,0.0,0.0,0.0,0.0,0.0,0.0,0.0,0.0,0.0,0.0,0.0,0.0,0.0],[0.0,0.0,0.0,0.0,0.0,0.0,0.0,0.0,0.0,0.0,0.0,0.0,0.0,0.0,0.0,0.0,0.0,0.0,0.0,0.0,0.0,0.0,0.0,0.0],[0.0,0.0,0.0,0.0,0.0,0.0,0.0,0.0,0.0,0.0,0.0,0.0,0.0,0.0,0.0,0.0,0.0,0.0,0.0,0.0,0.0,0.0,0.0,0.0],[0.0,0.0,0.0,0.0,0.0,0.0,0.0,0.0,0.0,0.0,0.0,0.0,0.0,0.0,0.0,0.0,0.0,0.0,0.0,0.0,0.0,0.0,0.0,0.0]]
Setup_Time
[0.0,0.0,0.0,0.0,0.0,0.0,0.0,0.0,0.0,0.0]
[0.0,0.0,0.0,0.0,0.0,0.0,0.0,0.0,0.0,0.0]
[0.0,0.0,0.0,0.0,0.0,0.0,0.0,0.0,0.0,0.0]
Setup_Cost
[560.0,240.0,400.0,800.0,800.0,640.0,1200.0,800.0,1440.0,1840.0]
[0.0,0.0,0.0,0.0,0.0,0.0,0.0,0.0,0.0,0.0]
[0.0,0.0,0.0,0.0,0.0,0.0,0.0,0.0,0.0,0.0]
Holding_Cost
[4.0,7.0,6.0,3.0,3.0,3.0,2.0,1.0,1.0,1.0]
Delay_Cost
[20.0,35.0,30.0,15.0,0.0,0.0,0.0,0.0,0.0,0.0]
Assemble,Component,Quantity
[1,5,1]
[2,5,1]
[2,6,1]
[3,6,1]
[3,7,1]
[4,7,1]
[5,8,1]
[5,9,1]
[6,9,1]
[6,10,1]
[7,10,1]
Substitution,Product,Cost,Quantity
[3,2,9.0,1]
[5,6,2.4000000000000004,1]
[9,10,0.8,1]
