N_Product
10
N_EndItems
4
N_Components
6
N_Periods
24
N_Resources
3
Cap(R,Cap)
[257.14285714285717,257.14285714285717,257.14285714285717,257.14285714285717,257.14285714285717,257.14285714285717,257.14285714285717,257.14285714285717,257.14285714285717,257.14285714285717,257.14285714285717,257.14285714285717,257.14285714285717,257.14285714285717,257.14285714285717,257.14285714285717,257.14285714285717,257.14285714285717,257.14285714285717,257.14285714285717,257.14285714285717,257.14285714285717,257.14285714285717,257.14285714285717]
[428.5714285714286,428.5714285714286,428.5714285714286,428.5714285714286,428.5714285714286,428.5714285714286,428.5714285714286,428.5714285714286,428.5714285714286,428.5714285714286,428.5714285714286,428.5714285714286,428.5714285714286,428.5714285714286,428.5714285714286,428.5714285714286,428.5714285714286,428.5714285714286,428.5714285714286,428.5714285714286,428.5714285714286,428.5714285714286,428.5714285714286,428.5714285714286]
[871.4285714285714,871.4285714285714,871.4285714285714,871.4285714285714,871.4285714285714,871.4285714285714,871.4285714285714,871.4285714285714,871.4285714285714,871.4285714285714,871.4285714285714,871.4285714285714,871.4285714285714,871.4285714285714,871.4285714285714,871.4285714285714,871.4285714285714,871.4285714285714,871.4285714285714,871.4285714285714,871.4285714285714,871.4285714285714,871.4285714285714,871.4285714285714]
Production_Time
[1.0,1.0,0.0,0.0,0.0,1.0,0.0,0.0,0.0,0.0]
[0.0,0.0,1.0,1.0,0.0,0.0,1.0,0.0,0.0,0.0]
[0.0,0.0,0.0,0.0,1.0,0.0,0.0,1.0,1.0,1.0]
Order_Delay_TimeLimit
[6,6,6,6,0,0,0,0,0,0]
[6,6,6,6,0,0,0,0,0,0]
[6,6,6,6,0,0,0,0,0,0]
[6,6,6,6,0,0,0,0,0,0]
[6,6,6,6,0,0,0,0,0,0]
[6,6,6,6,0,0,0,0,0,0]
[6,6,6,6,0,0,0,0,0,0]
[6,6,6,6,0,0,0,0,0,0]
[6,6,6,6,0,0,0,0,0,0]
[6,6,6,6,0,0,0,0,0,0]
[6,6,6,6,0,0,0,0,0,0]
[6,6,6,6,0,0,0,0,0,0]
[6,6,6,6,0,0,0,0,0,0]
[6,6,6,6,0,0,0,0,0,0]
[6,6,6,6,0,0,0,0,0,0]
[6,6,6,6,0,0,0,0,0,0]
[6,6,6,6,0,0,0,0,0,0]
[6,6,6,6,0,0,0,0,0,0]
[5,5,5,5,0,0,0,0,0,0]
[4,4,4,4,0,0,0,0,0,0]
[3,3,3,3,0,0,0,0,0,0]
[2,2,2,2,0,0,0,0,0,0]
[1,1,1,1,0,0,0,0,0,0]
[0,0,0,0,0,0,0,0,0,0]
Demand
[[53.0,39.0,60.0,61.0,85.0,65.0,68.0,59.0,54.0,132.0,111.0,92.0,70.0,86.0,101.0,65.0,86.0,66.0,58.0,79.0,56.0,53.0,47.0,53.0],[19.0,21.0,28.0,18.0,31.0,24.0,29.0,28.0,42.0,39.0,33.0,43.0,49.0,28.0,37.0,40.0,37.0,29.0,22.0,31.0,27.0,22.0,22.0,26.0],[36.0,42.0,41.0,33.0,36.0,43.0,38.0,45.0,48.0,68.0,78.0,44.0,80.0,64.0,81.0,66.0,35.0,54.0,56.0,70.0,53.0,34.0,45.0,42.0],[54.0,69.0,75.0,70.0,103.0,109.0,108.0,120.0,116.0,77.0,117.0,118.0,184.0,143.0,123.0,70.0,101.0,105.0,99.0,94.0,66.0,97.0,69.0,75.0],[0.0,0.0,0.0,0.0,0.0,0.0,0.0,0.0,0.0,0.0,0.0,0.0,0.0,0.0,0.0,0.0,0.0,0.0,0.0,0.0,0.0,0.0,0.0,0.0],[0.0,0.0,0.0,0.0,0.0,0.0,0.0,0.0,0.0,0.0,0.0,0.0,0.0,0.0,0.0,0.0,0.0,0.0,0.0,0.0,0.0,0.0,0.0,0.0],[0.0,0.0,0.0,0.0,0.0,0.0,0.0,0.0,0.0,0.0,0.0,0.0,0.0,0.0,0.0,0.0,0.0,0.0,0.0,0.0,0.0,0.0,0.0,0.0],[0.0,0.0,0.0,0.0,0.0,0.0,0.0,0.0,0.0,0.0,0.0,0.0,0.0,0.0,0.0,0.0,0.0,0.0,0.0,0.0,0.0,0.0,0.0,0.0],[0.0,0.0,0.0,0.0,0.0,0.0,0.0,0.0,0.0,0.0,0.0,0.0,0.0,0.0,0.0,0.0,0.0,0.0,0.0,0.0,0.0,0.0,0.0,0.0],[0.0,0.0,0.0,0.0,0.0,0.0,0.0,0.0,0.0,0.0,0.0,0.0,0.0,0.0,0.0,0.0,0.0,0.0,0.0,0.0,0.0,0.0,0.0,0.0]]
Setup_Time
[0.0,0.0,0.0,0.0,0.0,0.0,0.0,0.0,0.0,0.0]
[0.0,0.0,0.0,0.0,0.0,0.0,0.0,0.0,0.0,0.0]
[0.0,0.0,0.0,0.0,0.0,0.0,0.0,0.0,0.0,0.0]
Setup_Cost
[560.0,240.0,400.0,800.0,800.0,640.0,1200.0,800.0,1440.0,1840.0]
[0.0,0.0,0.0,0.0,0.0,0.0,0.0,0.0,0.0,0.0]
[0.0,0.0,0.0,0.0,0.0,0.0,0.0,0.0,0.0,0.0]
Holding_Cost
[4.0,7.0,6.0,3.0,3.0,3.0,2.0,1.0,1.0,1.0]
Delay_Cost
[20.0,35.0,30.0,15.0,0.0,0.0,0.0,0.0,0.0,0.0]
Assemble,Component,Quantity
[1,5,1]
[2,5,1]
[2,6,1]
[3,6,1]
[3,7,1]
[4,7,1]
[5,8,1]
[5,9,1]
[6,9,1]
[6,10,1]
[7,10,1]
Substitution,Product,Cost,Quantity
[3,2,9.0,1]
[5,6,2.4000000000000004,1]
[9,10,0.8,1]
